n = 1 
[1.0]
 
n = 2 
[-2.0000000000000004, 6.000000000000001]
 
n = 3 
[3.000000000000014, -24.00000000000008, 30.00000000000008]
 
n = 4 
[-3.999999999999389, 59.99999999999265, -179.99999999998172, 139.99999999998786]
 
n = 5 
[4.999999999972516, -119.99999999949219, 629.9999999978285, -1119.9999999967413, 629.9999999984136]
 
n = 6 
[-5.9999999999134275, 209.99999999822688, -1679.9999999909319, 5039.999999981689, -6299.999999984089, 2771.9999999950373]
 
n = 7 
[7.00000000946784, -336.0000003682885, 3780.0000034802224, -16800.000013330107, 34650.00002415114, -33264.00002066973, 12012.000006732993]
 
n = 8 
[-7.9999993519750205, 503.999963082772, -7559.999497360088, 46199.997195063115, -138599.9922680939, 216215.9888524956, -168167.99194461384, 51479.99769811924]
 
n = 9 
[8.99992463171293, -719.9946986977008, 13859.90897332794, -110879.34285049817, 450447.5677911754, -1009002.9969426501, 1261254.2185227366, -823676.4894828607, 218789.12870207898]
 
n = 10 
[-9.99647238489706, 989.6931664461617, -23753.43150321029, 240180.04960350535, -1260973.1431035323, 3782989.395580647, -6725420.0812932905, 7000021.515574697, -3937558.2923019733, 923634.2881650471]
 
n = 11 
[10.901368484890554, -1309.599265026607, 38338.58243170168, -477430.4855362172, 3134907.143121842, -12043728.833824735, 28447981.825878844, -41815520.899438135, 37253099.70721781, -18401423.77293045, 3865196.3651523776]
 
n = 12 
[-10.658618628513068, 1549.6760638287994, -54924.290067171394, 832010.6406587504, -6708957.149312866, 32142816.649305314, -96953447.17779809, 188838274.8691184, -236982406.60145408, 184952571.0528417, -81623754.60979182, 15556420.89886628]
 
