n = 1 
[1.]
 
n = 2 
[-2.  6.]
 
n = 3 
[  3. -24.  30.]
 
n = 4 
[  -4.   60. -180.  140.]
 
n = 5 
[    5.  -120.   630. -1120.   630.]
 
n = 6 
[-6.000e+00  2.100e+02 -1.680e+03  5.040e+03 -6.300e+03  2.772e+03]
 
n = 7 
[ 7.00000001e+00 -3.36000000e+02  3.78000000e+03 -1.68000000e+04
  3.46500000e+04 -3.32640000e+04  1.20120000e+04]
 
n = 8 
[-7.99999935e+00  5.03999963e+02 -7.55999950e+03  4.61999972e+04
 -1.38599992e+05  2.16215989e+05 -1.68167992e+05  5.14799977e+04]
 
n = 9 
[ 8.99992463e+00 -7.19994699e+02  1.38599090e+04 -1.10879343e+05
  4.50447568e+05 -1.00900300e+06  1.26125422e+06 -8.23676489e+05
  2.18789129e+05]
 
n = 10 
[-9.99647239e+00  9.89693166e+02 -2.37534315e+04  2.40180050e+05
 -1.26097314e+06  3.78298940e+06 -6.72542008e+06  7.00002152e+06
 -3.93755829e+06  9.23634288e+05]
 
n = 11 
[ 1.09013685e+01 -1.30959927e+03  3.83385824e+04 -4.77430486e+05
  3.13490714e+06 -1.20437288e+07  2.84479818e+07 -4.18155209e+07
  3.72530997e+07 -1.84014238e+07  3.86519637e+06]
 
n = 12 
[-1.06586186e+01  1.54967606e+03 -5.49242901e+04  8.32010641e+05
 -6.70895715e+06  3.21428166e+07 -9.69534472e+07  1.88838275e+08
 -2.36982407e+08  1.84952571e+08 -8.16237546e+07  1.55564209e+07]
 
