n = 1 
[1.]
 
n = 2 
[-2.  6.]
 
n = 3 
[  3. -24.  30.]
 
n = 4 
[  -4.   60. -180.  140.]
 
n = 5 
[    5.  -120.   630. -1120.   630.]
 
n = 6 
[-6.000e+00  2.100e+02 -1.680e+03  5.040e+03 -6.300e+03  2.772e+03]
 
n = 7 
[ 7.00000004e+00 -3.36000002e+02  3.78000002e+03 -1.68000001e+04
  3.46500001e+04 -3.32640001e+04  1.20120000e+04]
 
n = 8 
[-7.99999982e+00  5.03999988e+02 -7.55999982e+03  4.61999989e+04
 -1.38599997e+05  2.16215995e+05 -1.68167996e+05  5.14799990e+04]
 
n = 9 
[ 8.99994489e+00 -7.19996133e+02  1.38599337e+04 -1.10879522e+05
  4.50448234e+05 -1.00900437e+06  1.26125581e+06 -8.23677458e+05
  2.18789370e+05]
 
n = 10 
[-9.99807268e+00  9.89833697e+02 -2.37564615e+04  2.40207859e+05
 -1.26110680e+06  3.78335912e+06 -6.72602984e+06  7.00061336e+06
 -3.93787017e+06  9.23703099e+05]
 
n = 11 
[ 1.09475741e+01 -1.31447626e+03  3.84658805e+04 -4.78860520e+05
  3.14345886e+06 -1.20738884e+07  2.85138169e+07 -4.19054647e+07
  3.73279469e+07 -1.84361073e+07  3.87205691e+06]
 
n = 12 
[-1.03948050e+01  1.51178142e+03 -5.36181293e+04  8.12917880e+05
 -6.56096500e+06  3.14624032e+07 -9.49849286e+07  1.85160064e+08
 -2.32551511e+08  1.81630379e+08 -8.02138627e+07  1.52977616e+07]
 
