n = 1 
[1.0]
 
n = 2 
[-2.000000000000001, 6.000000000000002]
 
n = 3 
[3.0000000000000195, -24.000000000000092, 30.00000000000008]
 
n = 4 
[-3.9999999999993108, 59.99999999999214, -179.999999999981, 139.9999999999876]
 
n = 5 
[4.999999999999986, -120.00000000002956, 630.0000000002034, -1120.0000000003838, 630.0000000002148]
 
n = 6 
[-6.0000000011204975, 210.000000032951, -1680.0000002267004, 5040.000000596099, -6300.000000662999, 2772.0000002627203]
 
n = 7 
[7.000000043007049, -336.0000017106717, 3780.0000164278476, -16800.000063686017, 34650.00011646994, -33264.0001004294, 12012.000032914895]
 
n = 8 
[-7.999999818317519, 503.9999877708869, -7559.999816288503, 46199.99890529323, -138599.99683672006, 216215.99527393188, -168167.9964881835, 51479.99897365093]
 
n = 9 
[8.99994488963057, -719.9961333390675, 13859.933734497647, -110879.52233744695, 450448.2342952066, -1009004.3717030798, 1261255.8108616385, -823677.458272232, 218789.3695663268]
 
n = 10 
[-9.998072679765755, 989.8336969670199, -23756.46150581143, 240207.8587527062, -1261106.8018485722, 3783359.1194046447, -6726029.839673253, 7000613.364156605, -3937870.1748898993, 923703.0986491785]
 
n = 11 
[10.947574066056404, -1314.4762550183802, 38465.88052955721, -478860.5200236535, 3143458.862797174, -12073888.38231673, 28513816.851506382, -41905464.70568209, 37327946.91871007, -18436107.319626182, 3872056.907288874]
 
n = 12 
[-10.394804986892268, 1511.7814217293635, -53618.1292547384, 812917.8800260073, -6560964.997923599, 31462403.217423357, -94984928.59143665, 185160064.30788252, -232551510.57326543, 181630379.490824, -80213862.73655786, 15297761.632775119]
 
